14.7641096154 15.6531226167 10.3486972056
14.7804168385 15.3492735069 10.75659871
14.6808726557 15.3709601058 10.8011424915
14.774741841 15.2839818914 10.7862638192
14.8627719172 15.4950100464 10.7371592662
14.9209638761 15.5628105757 10.3815103019
14.5535938471 15.4644766237 10.4885281078
14.1533014369 15.3485034845 10.3005564617
14.0568862267 15.2026132106 10.3861480961
14.0260401464 15.1623432265 10.4022857239
14.1812476186 15.1334158908 11.0069548339
14.4199586353 15.4249097136 10.8832288173
14.7265442007 15.4218151799 10.8840690169
14.9292828229 15.1046997324 10.8171180145
14.9096104897 15.39184563 10.6707854324
15.4592068631 15.2126742804 11.1364556846
15.2972917792 15.1530938503 11.2013047039
14.7210355311 15.4671439809 11.1840833513
14.7895873359 15.4869223791 11.0640024123
14.7232517423 15.2668546084 11.0167176322
14.8104735181 15.4873450496 10.8363957266
14.3071701296 15.3819890274 10.6302875329
14.4970643767 15.4795817197 10.3381252431
14.4649864517 15.2795477046 10.369452868
14.6538079802 15.3066802234 10.2924326895
14.5302567389 15.2484183306 10.5286509789
14.1487469944 15.4682990937 10.3745493926
14.2504538769 15.2444218205 9.93044945383
14.0144507435 15.4390754797 10.015045477
14.4525183718 15.6969081458 10.0930892626
